Calibration threshold:1
824
806
838
837
819
783
808
825
816
832
835
828
792
816
791
804
824
824
818
826
833
811
792
815
827
826
832
829
837
823
817
807
798
820
827
829
828
837
823
808
817
790
816
827
820
818
833
775
808
811
Calibration threshold:2
806
816
822
838
826
823
782
792
825
822
824
833
828
824
833
807
798
816
827
828
832
839
837
819
819
799
816
825
830
832
829
826
800
790
796
817
814
820
833
829
825
833
800
817
804
829
815
816
832
825
Calibration threshold:3
807
811
812
828
830
796
835
811
774
800
825
829
815
816
836
829
766
796
816
799
814
827
822
829
825
813
811
800
815
814
820
824
823
824
780
816
791
804
832
818
827
828
824
800
803
796
818
824
815
831
Calibration threshold:4
839
839
837
838
847
850
840
824
819
799
836
840
840
835
831
845
783
816
832
827
836
840
833
845
792
816
835
822
841
842
815
842
840
815
832
807
824
841
840
798
849
843
833
807
812
832
833
841
838
834
Calibration threshold:5
766
783
801
783
811
811
771
735
801
799
799
791
806
799
766
795
756
784
803
801
811
804
801
766
784
764
800
786
800
791
804
799
756
784
783
784
802
805
803
807
807
759
760
793
791
801
811
806
802
795
Threshold:
849
850
847
860
825
VALUE READ:
808	787	803	825	789
VALUE READ:
830	827	827	814	777
VALUE READ:
836	825	821	836	799
VALUE READ:
818	830	827	841	792
VALUE READ:
811	806	815	830	799
VALUE READ:
804	804	797	789	778
VALUE READ:
824	830	823	839	741
VALUE READ:
825	826	823	836	811
VALUE READ:
825	828	833	839	795
VALUE READ:
807	815	810	840	794
VALUE READ:
798	795	807	819	793
VALUE READ:
826	825	826	843	778
VALUE READ:
823	823	820	837	802
VALUE READ:
818	812	824	823	805
VALUE READ:
809	790	803	804	791
VALUE READ:
835	832	811	824	766
VALUE READ:
823	823	821	839	801
VALUE READ:
817	811	809	828	803
VALUE READ:
778	800	775	817	782
VALUE READ:
813	774	787	821	779
VALUE READ:
817	830	835	849	786
VALUE READ:
830	832	821	837	802
VALUE READ:
804	812	802	833	796
VALUE READ:
799	801	799	814	793
VALUE READ:
824	828	824	838	780
VALUE READ:
835	836	835	831	804
VALUE READ:
817	820	820	839	804
VALUE READ:
810	790	806	821	795
VALUE READ:
828	823	787	789	775
VALUE READ:
831	813	816	828	797
VALUE READ:
819	823	827	837	794
VALUE READ:
811	805	809	817	791
VALUE READ:
783	807	786	808	774
VALUE READ:
828	825	826	822	759
VALUE READ:
828	827	825	838	791
VALUE READ:
823	824	823	832	800
VALUE READ:
817	824	814	838	795
VALUE READ:
830	825	827	815	785
VALUE READ:
821	806	811	849	810
VALUE READ:
825	830	824	832	800
VALUE READ:
812	815	814	840	801
VALUE READ:
816	799	797	817	797
VALUE READ:
826	829	824	813	777
VALUE READ:
834	832	820	848	810
VALUE READ:
818	813	822	829	807
VALUE READ:
809	812	799	814	790
VALUE READ:
824	827	805	819	752
VALUE READ:
821	820	823	841	803
VALUE READ:
832	824	825	841	811
VALUE READ:
811	819	814	830	787
VALUE READ:
799	795	809	810	795
VALUE READ:
827	824	827	841	772
VALUE READ:
832	832	834	840	800
VALUE READ:
809	812	811	820	804
VALUE READ:
803	780	797	827	795
VALUE READ:
796	817	802	827	772
VALUE READ:
824	829	822	838	795
VALUE READ:
825	828	813	837	797
VALUE READ:
804	804	808	828	795
VALUE READ:
776	785	792	822	788
VALUE READ:
828	836	790	806	787
VALUE READ:
835	814	826	839	801
VALUE READ:
817	822	816	845	803
VALUE READ:
792	808	787	822	791
VALUE READ:
836	837	790	766	781
VALUE READ:
829	826	827	848	770
VALUE READ:
825	829	821	838	800
VALUE READ:
823	822	824	845	809
VALUE READ:
802	816	806	827	778
VALUE READ:
827	829	824	815	765
VALUE READ:
829	825	825	842	803
VALUE READ:
818	811	818	837	792
VALUE READ:
823	816	814	838	799
VALUE READ:
827	826	827	802	789
VALUE READ:
824	829	826	837	800
VALUE READ:
827	827	828	848	798
VALUE READ:
811	798	807	820	796
VALUE READ:
790	804	778	821	795
VALUE READ:
828	826	826	820	783
VALUE READ:
827	798	808	849	811
VALUE READ:
814	820	823	835	796
VALUE READ:
806	819	813	828	788
VALUE READ:
826	807	806	798	776
VALUE READ:
828	827	827	845	773
VALUE READ:
831	836	833	831	800
VALUE READ:
829	821	815	834	800
VALUE READ:
810	786	809	805	791
VALUE READ:
793	798	781	812	766
VALUE READ:
825	830	824	838	757
VALUE READ:
828	825	827	829	804
VALUE READ:
827	815	815	825	805
VALUE READ:
826	829	820	812	780
VALUE READ:
823	835	814	839	789
VALUE READ:
815	828	816	829	800
VALUE READ:
803	807	815	838	797
VALUE READ:
811	791	810	824	791
VALUE READ:
829	824	823	823	782
VALUE READ:
823	824	829	836	799
VALUE READ:
818	811	813	833	808
VALUE READ:
803	806	790	830	791
VALUE READ:
793	809	783	811	756
VALUE READ:
824	831	824	840	801
VALUE READ:
840	821	818	842	803
VALUE READ:
840	814	819	831	804
VALUE READ:
818	800	800	800	779
VALUE READ:
835	836	834	813	766
VALUE READ:
838	829	820	840	803
VALUE READ:
808	816	809	829	809
VALUE READ:
791	798	795	825	795
VALUE READ:
844	829	803	807	783
VALUE READ:
823	824	834	848	793
VALUE READ:
822	823	820	833	811
VALUE READ:
813	812	820	828	805
VALUE READ:
791	805	779	806	793
VALUE READ:
833	826	826	841	764
VALUE READ:
835	836	834	832	811
VALUE READ:
819	818	822	842	803
VALUE READ:
806	796	806	825	790
VALUE READ:
798	813	794	812	769
VALUE READ:
823	826	824	840	803
VALUE READ:
823	826	829	837	790
VALUE READ:
820	814	806	836	805
VALUE READ:
797	813	809	825	782
VALUE READ:
828	824	826	819	776
VALUE READ:
831	832	817	836	801
VALUE READ:
809	816	815	833	800
VALUE READ:
789	813	801	835	800
VALUE READ:
799	781	798	811	794
VALUE READ:
834	837	835	849	796
VALUE READ:
820	829	817	835	798
VALUE READ:
809	801	809	823	793
VALUE READ:
785	789	770	798	791
VALUE READ:
826	831	823	821	784
VALUE READ:
828	812	817	849	811
VALUE READ:
816	824	818	834	807
VALUE READ:
792	814	805	825	783
VALUE READ:
795	783	800	797	775
VALUE READ:
828	827	826	836	775
VALUE READ:
824	828	820	849	810
VALUE READ:
822	820	822	845	802
VALUE READ:
812	795	813	810	793
VALUE READ:
836	836	834	816	752
VALUE READ:
826	828	824	849	802
VALUE READ:
824	827	825	840	793
VALUE READ:
809	822	808	839	797
VALUE READ:
786	822	793	830	782
VALUE READ:
823	834	834	848	790
VALUE READ:
811	834	830	831	803
VALUE READ:
812	805	811	841	784
VALUE READ:
834	822	771	818	787
VALUE READ:
819	834	828	778	783
VALUE READ:
818	821	821	822	804
VALUE READ:
814	830	820	839	810
VALUE READ:
800	828	800	826	796
VALUE READ:
836	845	805	808	772
VALUE READ:
823	839	823	839	802
VALUE READ:
810	833	818	837	794
VALUE READ:
790	814	819	837	802
VALUE READ:
802	811	786	829	788
VALUE READ:
825	827	809	805	785
VALUE READ:
813	822	822	838	800
VALUE READ:
824	831	824	839	801
VALUE READ:
806	798	815	825	804
VALUE READ:
807	800	807	809	779
VALUE READ:
828	825	826	835	771
VALUE READ:
835	837	833	828	803
VALUE READ:
809	818	806	839	795
VALUE READ:
780	808	796	824	790
VALUE READ:
828	825	826	800	782
VALUE READ:
826	819	819	837	800
VALUE READ:
822	831	822	845	796
VALUE READ:
806	807	810	832	799
VALUE READ:
810	781	805	799	789
VALUE READ:
824	827	822	838	798
VALUE READ:
810	820	825	836	790
VALUE READ:
813	801	817	833	800
VALUE READ:
810	811	804	814	787
VALUE READ:
825	827	797	824	764
VALUE READ:
826	825	824	841	802
VALUE READ:
819	824	817	836	810
VALUE READ:
789	800	804	836	785
VALUE READ:
789	797	798	816	785
VALUE READ:
836	837	835	814	775
VALUE READ:
825	824	827	839	803
VALUE READ:
821	822	820	832	810
VALUE READ:
813	813	795	817	794
VALUE READ:
825	830	825	814	771
VALUE READ:
812	812	815	849	800
VALUE READ:
825	827	831	834	805
VALUE READ:
814	811	809	838	802
VALUE READ:
790	809	787	821	781
VALUE READ:
827	827	824	840	781
VALUE READ:
830	834	834	827	804
VALUE READ:
824	814	816	841	810
VALUE READ:
790	794	806	823	797
VALUE READ:
805	794	793	792	788
VALUE READ:
826	828	822	840	801
VALUE READ:
823	821	823	839	799
VALUE READ:
816	802	817	823	796
VALUE READ:
785	798	777	806	773
VALUE READ:
825	829	823	824	757
VALUE READ:
827	823	822	841	810
VALUE READ:
824	818	814	833	808
VALUE READ:
798	799	790	830	785
VALUE READ:
826	828	825	818	773
VALUE READ:
825	818	828	849	810
VALUE READ:
825	823	823	831	794
VALUE READ:
799	813	804	837	801
VALUE READ:
813	796	796	803	787
VALUE READ:
828	826	827	841	804
VALUE READ:
819	825	825	848	779
VALUE READ:
813	821	820	833	797
VALUE READ:
816	805	816	820	796
VALUE READ:
830	809	800	803	782
VALUE READ:
823	828	824	837	800
VALUE READ:
811	822	815	838	810
VALUE READ:
804	794	805	828	801
VALUE READ:
813	805	819	817	793
VALUE READ:
835	826	825	804	784
VALUE READ:
831	833	831	836	801
VALUE READ:
809	813	805	833	796
VALUE READ:
782	786	796	821	799
VALUE READ:
824	830	823	799	789
VALUE READ:
818	816	807	840	811
VALUE READ:
814	826	823	841	800
VALUE READ:
790	811	825	828	783
VALUE READ:
787	788	815	805	787
VALUE READ:
814	829	863	804	791
VALUE READ:
717	719	750	731	708
VALUE READ:
738	746	770	755	726
VALUE READ:
750	748	797	927	738
VALUE READ:
733	733	718	750	721
VALUE READ:
751	751	710	748	721
VALUE READ:
747	761	777	769	745
VALUE READ:
827	833	761	822	797
VALUE READ:
821	820	752	829	784
VALUE READ:
838	838	772	839	801
VALUE READ:
831	825	765	838	805
VALUE READ:
829	828	762	834	801
VALUE READ:
826	830	762	837	801
VALUE READ:
827	829	763	837	803
VALUE READ:
827	827	759	837	805
VALUE READ:
829	829	763	834	801
VALUE READ:
826	830	760	833	800
VALUE READ:
823	815	753	826	790
VALUE READ:
822	825	759	831	796
VALUE READ:
824	821	761	835	800
VALUE READ:
806	790	735	819	797
VALUE READ:
830	827	762	792	783
VALUE READ:
823	819	755	846	811
VALUE READ:
823	823	755	842	800
VALUE READ:
815	807	745	823	797
VALUE READ:
797	816	730	820	767
VALUE READ:
824	831	758	833	800
VALUE READ:
819	824	753	831	800
VALUE READ:
790	788	718	823	789
VALUE READ:
827	829	758	814	781
VALUE READ:
821	820	742	837	802
VALUE READ:
824	822	757	845	810
VALUE READ:
812	819	747	848	793
VALUE READ:
799	795	748	821	796
VALUE READ:
822	828	762	848	778
VALUE READ:
828	823	755	834	810
VALUE READ:
810	814	752	834	798
VALUE READ:
829	798	746	804	799
VALUE READ:
811	837	767	817	757
VALUE READ:
821	822	755	846	803
VALUE READ:
818	816	756	823	800
VALUE READ:
807	798	748	835	791
VALUE READ:
797	812	746	815	776
VALUE READ:
831	827	762	809	782
VALUE READ:
825	827	758	835	800
VALUE READ:
805	817	737	829	800
VALUE READ:
775	800	724	822	790
VALUE READ:
831	837	740	798	795
VALUE READ:
837	837	768	846	773
VALUE READ:
833	834	758	838	802
VALUE READ:
813	812	748	823	805
VALUE READ:
828	828	755	806	772
VALUE READ:
819	828	757	836	800
VALUE READ:
825	819	752	835	795
VALUE READ:
815	810	749	830	803
VALUE READ:
811	798	749	828	783
VALUE READ:
836	836	765	846	788
VALUE READ:
824	824	755	832	802
VALUE READ:
796	806	752	836	797
VALUE READ:
778	804	723	810	794
VALUE READ:
824	832	758	787	786
VALUE READ:
823	819	747	846	811
VALUE READ:
826	832	760	846	800
VALUE READ:
797	816	747	831	796
VALUE READ:
804	790	743	798	786
VALUE READ:
827	827	760	793	774
VALUE READ:
829	826	756	843	811
VALUE READ:
827	823	760	834	802
VALUE READ:
804	800	734	830	787
VALUE READ:
803	804	743	813	774
VALUE READ:
830	826	761	837	782
VALUE READ:
826	828	758	836	792
VALUE READ:
814	826	752	830	806
VALUE READ:
810	806	750	807	796
VALUE READ:
836	836	767	800	779
VALUE READ:
821	818	753	834	820
VALUE READ:
814	828	760	845	819
VALUE READ:
823	818	751	836	827
VALUE READ:
828	664	645	715	695
VALUE READ:
728	732	683	743	721
VALUE READ:
743	745	690	754	719
VALUE READ:
749	754	697	758	701
VALUE READ:
804	823	771	926	722
VALUE READ:
833	828	752	825	695
VALUE READ:
812	819	751	834	717
VALUE READ:
824	825	760	831	716
VALUE READ:
821	820	761	828	710
VALUE READ:
824	826	756	830	712
VALUE READ:
818	822	756	835	714
VALUE READ:
819	818	753	831	714
VALUE READ:
822	822	753	827	710
VALUE READ:
826	824	756	830	710
VALUE READ:
821	822	751	831	711
VALUE READ:
823	819	758	834	714
VALUE READ:
827	821	757	831	713
VALUE READ:
823	822	757	827	710
VALUE READ:
821	825	752	830	709
VALUE READ:
821	825	753	834	711
VALUE READ:
824	819	758	831	713
VALUE READ:
822	824	753	827	709
VALUE READ:
819	828	753	830	707
VALUE READ:
818	826	752	831	711
VALUE READ:
820	823	755	835	712
VALUE READ:
826	820	758	832	713
VALUE READ:
823	825	754	828	710
VALUE READ:
819	827	753	830	709
VALUE READ:
820	825	753	833	711
VALUE READ:
822	818	758	834	713
VALUE READ:
825	818	757	831	713
VALUE READ:
825	821	757	827	710
VALUE READ:
816	826	752	829	709
VALUE READ:
824	822	755	832	710
VALUE READ:
823	818	755	834	713
VALUE READ:
824	819	759	831	713
VALUE READ:
823	820	759	827	710
VALUE READ:
817	826	752	829	708
VALUE READ:
821	825	756	832	710
VALUE READ:
823	821	755	837	712
VALUE READ:
825	822	756	829	711
VALUE READ:
824	820	753	829	708
VALUE READ:
818	826	753	832	710
VALUE READ:
823	819	756	836	721
VALUE READ:
821	812	754	821	706
VALUE READ:
811	819	748	820	701
VALUE READ:
809	821	744	816	696
VALUE READ:
814	812	745	827	707
VALUE READ:
827	811	753	824	721
VALUE READ:
826	818	750	822	707
VALUE READ:
834	822	753	827	705
VALUE READ:
826	819	753	832	711
VALUE READ:
830	816	749	821	706
VALUE READ:
834	823	753	828	707
VALUE READ:
815	814	750	828	710
VALUE READ:
820	820	750	825	705
VALUE READ:
818	816	752	832	709
VALUE READ:
821	818	753	824	708
VALUE READ:
821	818	755	825	705
VALUE READ:
817	819	748	829	706
VALUE READ:
824	814	755	829	711
VALUE READ:
814	820	750	825	704
VALUE READ:
818	818	753	832	709
VALUE READ:
823	814	756	832	711
VALUE READ:
821	818	757	823	705
VALUE READ:
814	825	748	826	706
VALUE READ:
818	818	753	831	708
VALUE READ:
821	814	753	832	711
VALUE READ:
822	819	753	825	709
VALUE READ:
815	823	748	825	705
VALUE READ:
816	824	750	828	707
VALUE READ:
820	814	756	832	712
VALUE READ:
823	817	759	827	709
VALUE READ:
822	819	754	825	705
VALUE READ:
816	824	750	829	707
VALUE READ:
818	816	753	831	712
VALUE READ:
820	819	755	823	707
VALUE READ:
818	821	750	826	705
VALUE READ:
815	819	749	829	708
VALUE READ:
819	814	755	832	711
VALUE READ:
816	811	747	827	710
VALUE READ:
818	818	753	822	706
VALUE READ:
815	824	749	827	705
VALUE READ:
819	818	753	833	708
VALUE READ:
817	809	754	829	710
VALUE READ:
821	818	756	822	705
VALUE READ:
814	826	750	827	701
VALUE READ:
820	818	750	833	710
VALUE READ:
824	817	755	827	710
VALUE READ:
815	824	750	826	704
VALUE READ:
818	817	753	834	709
VALUE READ:
837	838	767	824	707
VALUE READ:
811	813	748	816	700
VALUE READ:
809	817	745	822	702
VALUE READ:
808	820	743	829	705
VALUE READ:
815	809	752	825	708
VALUE READ:
820	810	754	818	699
VALUE READ:
807	815	748	824	703
VALUE READ:
819	809	750	826	709
VALUE READ:
814	810	749	817	702
VALUE READ:
808	820	743	821	702
VALUE READ:
813	811	747	828	706
VALUE READ:
809	815	754	826	709
VALUE READ:
814	812	750	817	701
VALUE READ:
808	819	744	813	702
VALUE READ:
815	812	747	830	708
VALUE READ:
819	809	754	822	706
VALUE READ:
811	819	747	818	699
VALUE READ:
807	821	744	822	702
VALUE READ:
815	809	748	830	709
VALUE READ:
817	809	753	817	707
VALUE READ:
810	816	745	817	698
VALUE READ:
809	814	747	825	704
VALUE READ:
826	813	745	826	708
VALUE READ:
827	810	752	816	703
VALUE READ:
832	819	743	818	700
VALUE READ:
838	820	749	819	702
VALUE READ:
820	817	753	829	705
VALUE READ:
816	807	746	826	708
VALUE READ:
818	809	743	818	705
VALUE READ:
817	813	745	817	699
VALUE READ:
810	818	744	820	701
VALUE READ:
820	817	753	826	704
VALUE READ:
813	811	750	828	706
VALUE READ:
816	808	742	820	705
VALUE READ:
827	815	745	817	698
VALUE READ:
834	820	752	824	704
VALUE READ:
839	817	752	825	707
VALUE READ:
822	807	746	826	708
VALUE READ:
835	812	753	819	704
VALUE READ:
828	815	747	812	699
VALUE READ:
832	820	753	826	704
VALUE READ:
823	808	748	828	708
VALUE READ:
829	810	743	819	705
VALUE READ:
845	812	740	818	699
VALUE READ:
849	823	751	824	702
VALUE READ:
829	817	753	829	705
VALUE READ:
811	807	746	826	709
VALUE READ:
849	809	752	816	702
VALUE READ:
851	820	747	820	700
VALUE READ:
754	735	675	737	646
VALUE READ:
782	760	711	787	668
VALUE READ:
836	864	818	762	660